20
18
-231.77740594700757
-202.9144274228703
-187.2368845444763
-172.99365154232868
-141.90446238895495
-125.4587437963581
-130.40233901946397
-139.70014465863582
-150.35698707365174
-157.7538706003856
-162.78745469320322
-165.66228412412642
-166.74542313626165
-167.78502604332277
-168.29420580071954
-171.05634512029485
-176.55386845195358
-183.62402390704403
112.43187108998957
100.76064434589767
89.11993156485944
98.86752154101802
119.24272984909932
134.31095865630806
140.7618830756935
142.2554490149754
139.70746037126406
137.87371733986816
136.96895421914937
135.19232839781142
132.1266973651117
131.18758189378508
132.7810646055732
132.9816068607702
132.59901156133338
132.53744604257912
-18.36165200085439
-27.249778873324097
-33.61091588975388
-22.831343465726757
-10.118023405813922
-6.973317801363445
-9.059370273179187
-6.5427052262539585
-7.0789534749008824
-7.25805052224387
-7.681155074779154
-7.503145036157223
-7.1205918833449875
-5.169264372865829
-5.905937992919945
-10.831549572209553
-12.582492946834709
-10.973561843507518
33.39736258036863
33.26400255507819
32.25277602326521
42.05694429677685
53.35671647699139
60.63256147821906
62.52809608067867
65.38503097811949
69.51903766700846
71.98287892519143
75.03617114736002
78.08551973803112
81.26686888083597
84.12116062559052
81.15154507685946
75.50031821042542
73.14661791904862
71.68395582367708
-4.249068146028855
-2.031655663083974
-5.015622542918969
-9.494890900373603
-17.68892459243179
-30.930154929032575
-49.2479468577142
-57.311237572829
-58.80514967593548
-58.34157856318378
-55.94393885218423
-54.00859608102061
-52.703654660445096
-48.79694185891555
-42.18560852265399
-34.73542453574088
-28.94490190493969
-26.221221661016063
10.768031420280742
12.144787204791108
12.515219337197864
10.78461556666387
8.6979763716908
5.98199990538091
-2.732392025798032
-9.069598808010756
-9.301166660769404
-9.478559409588073
-9.20307964274613
-9.754336812078776
-8.11579710705579
-5.88546916527839
-1.6809402149968125
4.224337012772381
6.589937802025489
4.850753981725206
-5.199007948660158
-7.316023806314492
-4.970724597205695
-3.8820074425180033
0.7252163289323068
7.063237226044007
12.463138975632186
14.695734922123062
15.214667529995406
14.591613470161588
14.303523253845917
13.083179751246131
13.24603551992885
11.905870302003283
9.215862300913074
9.792267606267654
10.56963780538805
10.568423770512151
0.6669421062214428
8.442702551728619
15.197392905845698
6.642433169951329
-1.8267209037788112
-3.6883927000214545
-6.9485810047388865
-10.7090913809307
-12.248343184226787
-14.016580485810291
-15.586742597246474
-16.02966605668604
-13.883413478112058
-12.846879240829514
-11.118780611734886
-6.372488078190927
-4.061118570813979
-4.461468765608458
-12.162759794767977
-10.80574318574817
-10.786776823400828
-14.02595427116023
-25.271207069613038
-35.121505008834376
-37.45720264639387
-35.30162205653524
-29.650639028962324
-28.15229253932607
-26.36743021040223
-24.81395060136748
-23.020939955138353
-22.062462634676372
-20.47544274990036
-19.330625172991923
-20.04914046750943
-22.091648844508352
2.805139796227256
4.868098244431923
7.8130086238447465
8.310003511716499
-0.1908244689883487
-9.484553488697467
-11.841274610957658
-8.716332701038503
-4.701316347302229
-4.309929384291198
-4.462729120797251
-4.639633724389705
-5.044259124993394
-5.643052760265554
-5.354766083959926
-6.425647814740369
-6.834272738969481
-7.959641466498093
1.921561375893536
-1.4561353573417886
-4.915456223760278
-4.189487749034749
1.61641559390854
3.5652429945795645
-0.3832487454180715
-4.449198441941809
-4.94861257165841
-5.841718124118131
-6.524161082780121
-7.1437411482225315
-7.070597748310779
-7.522442106752862
-8.555772206211673
-8.139532021287481
-6.615927309450997
-5.10080927620742
4.211714531959423
4.132941901263765
2.0881437309588198
1.0667890396198578
3.725621499034964
3.157530902722534
-4.451686551443923
-11.618995780637402
-17.195583394123595
-21.092809892333747
-23.443181363018887
-23.597859194520275
-24.414275276589468
-24.463244850373293
-25.95851918543555
-27.739004883803894
-27.94760785694382
-28.02441072793512
3.385150095859411
0.4375055927276239
-2.200321804287356
-1.1391634813487357
1.6083565983268207
5.585636798460147
7.815586207379057
6.674373622187353
5.047311535360216
2.87175041085967
1.1438230021135223
0.21463348390266812
0.4990006271858904
1.5337863562139875
1.7874671318191413
-1.7063640987944415
-5.08552017250314
-8.252708822098882
10.309603233111488
9.286494755216804
7.060409400194946
9.079006899331649
13.575715846584828
19.396460178020426
24.555158148226454
27.250392922698577
26.068772973986945
25.734980340276962
26.584206213553166
27.054908090746217
27.05552790188417
27.739810699701692
25.75947870248931
19.603763714835157
17.56918789038869
18.253793773751273
1.327959668444878
-1.4772687925025263
-5.245330298811609
-2.591990699279474
-2.7084487046954457
-0.15437228984334084
2.1186621883303873
2.9085487960576772
1.7108093201535546
1.434546745769134
1.9159637625824752
2.2651068108091588
1.8352814955302337
2.0971111364423587
-0.0017243740398100726
-3.996717102529126
-4.029963950348601
-1.554285105551674
1.6608565575699583
1.058235988030845
-0.4965044594598329
2.6041238022664364
1.3210608039359673
-2.9015635648740368
-6.571742031671076
-5.25248515933446
-3.1039693673033817
-2.0823740799875354
-0.8430912765402532
-0.40905861712355157
-1.215505609964452
-1.238961834441736
-3.1050525382749834
-6.509862165396191
-8.025125176349553
-8.129702508721056
5.578611387669817
5.066369719994297
2.8884693081675703
2.676457883214925
1.9326163095633153
-1.372000143918479
-5.966921264498327
-5.594730536409692
-1.001532101706303
1.1270641281929632
2.098150648893812
2.8033670034001608
2.802357618591139
2.897695672512914
2.9988697175786605
1.8052478092540747
1.0374247424580978
-0.1218006877195077
0.0052518286396472935
-0.34678423214994647
-1.2635708054147066
-1.4606239706377113
-0.11272540904690731
-2.608963447534856
-9.100010732657676
-14.549601026528073
-14.74039967998196
-14.050196190207117
-14.826038382339696
-15.430317584678892
-14.494507753345783
-13.077550701513877
-9.140815362634562
-4.348278559172959
-1.4824907039869353
-0.41749910121977396
-2.523348867859928
-1.3426280595042415
-1.6073017351623229
-5.608049380290473
-9.030887592211524
-11.051037664063738
-14.618474598445323
-17.921353485765994
-18.298828482254912
-18.367467194555562
-18.8304029339121
-19.473567006302883
-20.61370186975585
-19.877000232702407
-16.978986160810678
-12.558889933763854
-10.921114666877276
-12.184219231164935
0.8117785168613934
2.730256223754397
1.9431507641371464
-1.8814399542398652
-4.366513279262339
-4.3695472497051435
-4.667771811531281
-5.918941622933277
-7.6806510845293285
-9.70798557645421
-10.55073489609496
-10.482748309446208
-11.107589001366952
-10.377295736769419
-9.021606735014473
-5.586711325011637
-4.148907578461735
-5.57275311755512
