20
18
-238.01385846942276
-182.0761981651636
-161.94276567311664
-126.57187949204396
-111.74534418653516
-116.67631851663802
-122.04187742511064
-118.29558347461145
-121.35343286167986
-130.73827699247963
-144.26654581882332
-158.10749851417873
-171.7704285003936
-180.66621187106773
-191.70276332375067
-201.05672517994742
-210.12389811684864
-218.1477881041847
111.45639607611774
114.20190765850407
113.57350238155088
119.43548317539565
118.2469180441177
109.37177859862126
106.26319344325414
107.64754297406057
106.74725762764098
103.53066658735042
103.17849142304084
107.22875845099188
113.86961850533167
118.09363167708202
118.68279861928892
117.67942648031972
115.70308462650365
115.08820448022988
5.766101162284137
-9.798480305583812
-19.786046072863535
-34.56420203920355
-37.320341059577544
-41.4781575156024
-39.17194588990667
-38.16726232622481
-36.472802246851685
-38.020559817637576
-34.97648132132831
-31.019602006827252
-26.709162745885216
-23.247305551090864
-20.01910037665217
-17.264629826405205
-14.77804924815447
-13.506731244582035
61.26274192421792
74.48954920370332
78.60345627885656
87.58582106918968
89.80842772557438
88.5585471786985
93.0077472122091
98.19203314397383
99.07729894878193
97.54593703912661
93.9687965766036
88.16689551099424
79.38688178431147
74.87762899060544
71.55241547676705
67.81793158956597
65.21269354615016
61.94510208956238
-5.549325468815864
-9.498598926191544
-12.593009163722982
-17.407576508797668
-24.203130247887085
-27.309667827867898
-27.35349747011585
-23.024157366103616
-18.614881227482424
-15.241586044594495
-12.296021021598282
-8.4303229458348
-5.043660318762186
-2.2095739909421606
0.3373658832181661
-0.2588206585958377
0.343364741045755
-0.23843546645125457
17.009368289566922
19.44751262195205
20.742311821388434
16.53843734895362
11.542319126073838
4.005864073116153
-2.651279568398689
-2.676122550429305
-2.426415000228538
-3.1846518078627946
-2.694548315739935
-3.544694792470125
-5.081877654317171
-4.432223578365851
-2.128611444012339
-0.8619580516477611
0.8249974899584029
1.7786746515297729
-3.733477603892811
-8.529423071592237
-8.706053240070567
-14.81544016577009
-20.246211369987904
-29.807388776052107
-33.20384595670649
-33.734691532991775
-32.57489262057551
-28.7182137211775
-24.225258324607232
-20.858595169779946
-19.779238674204766
-18.061644449231835
-15.639747670988363
-14.368136285074822
-12.004816063079168
-8.985835461176983
-18.770603964266833
-28.915245390867753
-33.16486175903084
-42.02632773614296
-42.08036532495407
-33.48400813350339
-23.698308404012042
-14.10803487805138
-7.823628205531483
-0.6791492251627576
4.305458094950163
5.029705011123433
6.00224831008722
7.630571158616496
9.396806021390798
9.540807080831563
9.67164790795054
9.84297504696774
-24.803855727618547
-28.265827069433215
-28.769029830150494
-24.69589002236
-19.599387393938287
-12.080175570132077
-7.603859322657248
-5.151489459102274
-5.290105563810073
-4.131146370754172
-4.131206257927188
-8.665805698332807
-10.958492272325316
-12.393407372877713
-12.56139186713882
-11.744483977713415
-10.614924114668247
-9.41983792651761
-9.312641282415761
-10.354355730138746
-10.19000618726559
-8.797598537099839
-7.247705174741229
-10.01583882589298
-18.735599257469644
-23.662488432821768
-27.22568980613116
-27.044344545197625
-26.06865659294138
-24.643380757484586
-20.88871205203064
-20.073857979357257
-20.19616494782381
-18.86059748652
-16.181253806541328
-12.144800427157842
-12.196627929623265
-13.342249610336811
-13.484868943448031
-14.41638712075715
-14.156834448713457
-10.093702498497318
-9.529297229510936
-11.222053180479769
-12.827409744514885
-11.57556206894273
-9.093588741401115
-4.569225497452572
0.5608325742037272
2.801720715592891
1.9723641904214102
-0.05549318112478552
0.4086154623684914
2.12155156650346
-11.331788109458042
-10.748577409666748
-14.17091979940415
-18.678656791613673
-20.174848893060048
-12.974778159112962
-8.424660615227712
-8.142699372656221
-7.357499236420562
-6.654319124660134
-6.507294349449617
-6.112664403422684
-4.329417941962893
-4.08509487747307
-6.390140916433868
-9.099559246454435
-9.64489565425781
-8.692564695884155
-8.56196560573131
-10.589984846012722
-12.120859598992208
-7.487531516868811
-0.8409729938756767
3.8601687449076403
0.5811182856975818
-2.2554455553580683
-6.499038137836465
-11.229198372214862
-15.815631347290445
-19.927412848436838
-21.0734675010491
-21.58259173668744
-22.674050120651625
-24.0448075518827
-23.41448598882041
-21.689047340630307
-4.557371863231559
-5.890972063434214
-4.979169094819652
3.617169808660646
14.810079833455035
14.82349971008236
8.759064147666832
3.9295247211962794
1.6231616571694678
0.7437032195602733
1.760738094130089
3.056264584736806
4.391168717629718
4.828321895172665
4.773013194037219
2.5756831695468434
2.576877870708059
3.6124727837635437
9.077083200138446
9.58919968799641
7.386817857964738
1.9324627739102993
-2.9706038736384497
-5.402916538532355
-3.4787032344722855
-2.6794253870801312
-1.025461719829469
1.3035424888954825
1.3629572690154972
-0.23861503301711817
-1.0642920785905234
-2.7449364631620785
-3.739559083022253
-6.234960859530213
-7.054747883596482
-5.129391429196479
6.909808860409145
10.553786416866455
10.879625845868265
10.48579538184284
4.875823593837359
4.789043603023329
9.263822944429464
11.990243741339096
11.035014316212347
7.517146097834138
1.331037020457054
-5.082622289144055
-10.361688282171025
-14.341439105341898
-16.15808669848554
-17.459119542850978
-16.826637670620208
-14.78509118508693
-7.58631448318712
-14.225806318416579
-14.168467761831268
-4.212388111123024
5.173005264239698
9.498664934647019
9.96158765279439
7.704557181309479
4.056271284530521
0.03949508481223729
-1.0363482295154003
-0.6937863408352953
-0.7014608349417657
0.9397099130334977
1.4136059349093764
-0.3201418644351116
-1.934864242461051
-1.7472650395071923
-5.996631067568543
-8.779342069193998
-10.450565097602578
-4.83548813449234
1.328358547544658
-1.2433956017301435
-2.557770138877577
-1.6257253205622693
0.15342431920787813
-0.4036495286162521
-0.2835483451571045
0.3430186208889366
0.2080563637155222
0.4758946352888703
0.8268735152410136
-0.2776918292020746
-1.7880237481564403
-3.4489221729135453
4.221359582988717
11.446577712525304
14.284384353760093
8.919859260303827
-4.994038838751177
-14.693710902288121
-13.840887427056655
-10.14903083871955
-6.620499698973719
-5.055271440562708
-6.056918924951409
-8.818386373472197
-9.745053809427688
-10.07126250781938
-11.432873708451927
-12.318817916552035
-12.373997973445965
-12.243192627288895
-4.615582394804601
-6.439686346921761
-4.5100507901735565
-3.136928896830579
0.020434158119019052
3.4655651772836915
1.8416808952192532
1.2208069308045422
-0.5275677445639403
-3.118810401936531
-5.334290294658728
-6.848041913262151
-5.885001018344745
-3.406520619721577
-3.936332170224822
-5.14323347158972
-5.600714346185864
-6.343101673678353
