20
22
-277.085120545497
-211.30248754062956
-209.45349501954811
-222.855738371099
-222.71197472327975
-214.1874927420045
-191.70315884596317
-184.65086664082088
-177.20618515360903
-166.9338286612334
-160.8455443022508
-148.68110291677897
-156.22412210811635
-169.26422320991844
-162.9469654355496
-159.30126959038157
-152.29048804031453
-151.26194652910317
-158.22875594189725
-169.99193760339602
-173.64323216405185
-180.27456523663744
89.59202086418554
91.39608863597817
74.31508181609234
82.32618107156611
98.63051133297145
105.05732152420859
92.96793615782987
97.15865568025136
110.63556250420974
114.03128294289942
110.5613438357451
99.77822055184276
94.5347894216919
99.26377803521262
103.25114952739513
102.8046912978935
100.07406660260807
100.71487015714449
98.13266115702984
102.11989788199416
105.81389992827113
105.8878363178384
-19.804224456015
-32.50286197309531
-34.65129731935471
-24.807021539455544
-21.051372865420664
-26.909460890016778
-38.23342032631064
-34.014272072223754
-27.381007003001976
-29.33360100060767
-26.94885092001003
-30.447268293593847
-30.86193617436171
-28.934629659964997
-32.24511023273357
-30.571783818410296
-33.115471607727216
-34.822459761170485
-35.50484417106625
-29.902022630484087
-26.557366503583978
-24.161727006865654
35.72577550943619
43.6170992675966
39.5825890539697
39.95947311121126
47.398686493466414
48.84448686355939
49.66558094706593
51.05209293601405
54.8399137006104
55.86196582884138
50.12565815435773
46.41409137648131
51.28441988491169
62.18571056888531
64.15174000712707
61.851587461647696
56.73302103007316
54.17815664512594
54.48445612016329
61.91106602038798
64.48167451580625
61.250884731102076
-11.747262426506177
-14.548076660466455
-15.375124179760054
-13.058644009742768
-7.130414287742539
-4.466035328156092
-14.373192625120188
-14.431277855359587
-4.5354527966143525
-2.3982770335882835
-7.428517878647734
-15.74341253070489
-18.06746026903511
-16.37184078286935
-16.066693449103955
-16.34828238317373
-23.17094816050803
-24.80191709017827
-24.894030082269378
-23.013584681201856
-20.54808480064439
-21.067754173129956
13.598795566521627
20.63875365524516
22.15649060969521
21.56606321151827
26.408715366997814
30.79586767048559
28.678260609820256
23.689269557004227
20.218744665612164
17.35382309552139
14.798553692809655
14.860470319469089
13.65899133805212
12.234642468061514
7.488628801545668
6.669167585487795
6.058919546739734
7.333528408653539
9.310776983824129
6.360110357277247
3.431463868126439
3.8520188802335804
11.462942550119777
9.265210562914078
6.6695393328274655
7.122835402406527
12.0394805360438
13.474686328784388
9.766054864069194
6.006305395544475
2.2418750854094673
1.0150590668419168
3.9537296701787494
2.6469761459270327
-3.3580418068684645
-7.283264338922937
-9.365362544856724
-9.302252353988811
-11.573526850325997
-9.28116130715187
-7.869223641066579
-9.272853214031922
-8.608411300322032
-7.16501292484247
8.781448226004333
10.444292627858074
14.572417842807717
14.915588944284124
6.8164592306682685
-0.8459973736311479
-2.794821874723233
-1.9374314927563479
-2.004505215339102
-1.6283342942346732
-0.6419632718528614
-4.157100900294566
-5.494920338187132
-2.258663947866364
0.7585164040704591
1.921012756260175
0.8500950089288741
3.475899238367301
3.5421748632199668
1.9182558201068687
3.506606713172185
4.723821332643835
-16.158823602411527
-18.506016260661244
-18.12945135995239
-16.31101171225353
-16.71720855617393
-19.140756775761574
-21.58953459267474
-20.469823768205963
-19.748673762100726
-20.23646255739717
-20.19244927949717
-22.508400196127674
-21.05603294445975
-22.932685925326986
-21.706232304780784
-18.132221926829246
-18.475233467962962
-18.495094511175374
-17.077385501977485
-18.180780525269796
-17.196000730126656
-14.525143254172288
15.049257573577417
14.516157016927863
18.40112706008168
18.81967160771509
18.123086239541337
14.919530270218356
18.0388395182135
18.880917646441475
15.74932201685985
8.77041205941533
6.698337936972893
8.027894984858188
12.400677093107728
9.96217744000204
5.08310388163307
3.8958150056389744
1.0099838096239457
1.2227806263786825
4.164517301224765
3.1620846011753985
1.767533900604185
2.644832513074906
-2.6593358700565455
-1.1388405492757903
-3.1849807928412326
-2.576167949546932
-0.4636047041420788
1.2497146124965532
3.5073338162823218
5.099222531576023
2.7521487085934715
1.906825607267581
1.7053391361387478
2.7445009829499387
6.117333251252152
7.300912669915594
6.023747746700677
7.166348579560461
7.242868677569336
7.086447265470209
7.957716156506891
6.8170588220483666
4.636395264846428
5.206773802063509
-9.075785472668628
-7.9753450747498515
-5.4479147137815875
-10.111599001177368
-12.721524330813565
-12.663544652238937
-16.665435739146766
-19.163699229713842
-18.180046819197685
-16.43592402997671
-15.77887106232411
-16.254873177086523
-16.765791154886458
-15.791111736697912
-18.37917280872391
-18.56566657440217
-17.771200683650992
-17.147383608858267
-16.875381611862558
-15.46993162491918
-16.07046907591595
-16.45565239163208
-1.3008411855987676
-5.243680780444356
-0.4550208812134069
-4.623396220075279
-8.169139218692873
-8.975352688030966
-11.084693551771363
-15.0847635016749
-16.52996612542234
-14.727137177977294
-15.413157185744485
-16.47091828447916
-15.985897103456978
-17.721935639701503
-19.518511924179307
-18.99159471710788
-21.488429041403023
-21.031504332916697
-20.649901890604433
-22.321522097451513
-21.141798474041558
-17.498857394397703
-3.037062283731551
-5.919355104419375
-2.763762204642723
-1.1837072891351434
-3.7412116730742415
-0.7124068910598105
1.4742487278822818
1.0650278230877448
-3.2610138273149385
-4.437041435419381
-7.2727011877690115
-7.146376157160305
-6.772602406616104
-7.312611937463854
-6.609303155273569
-6.214612737933944
-7.148748532067215
-6.776892540010163
-7.316550042945021
-6.498483614212185
-4.1443559671677015
-1.8088899531785467
-4.621730357042856
-7.256371055813016
-3.9233210199085176
-4.322824815226601
-4.6687939294300325
-6.318744311905748
-5.780056136392292
-9.002161460433062
-11.588296156641388
-12.548412225904801
-11.320688204156951
-11.024502302419778
-11.60778575457828
-10.02138935910876
-9.084999366452447
-10.248578295313088
-11.597022439852342
-10.73587189815791
-10.54010952863559
-10.267804867491124
-7.29014703190898
-5.348263262432854
-6.050201457594759
-1.6439039265435669
2.0497476580898244
-1.2756766527498826
-3.119579408760213
-4.307464995095066
-7.594004274679108
-10.998924787001974
-10.51083752308685
-8.04515991683573
-5.387635842950651
-6.690174225536429
-6.732115443059383
-7.989078048700946
-9.690197978936627
-7.983940639980469
-11.52358728297726
-11.615922158664283
-9.775048825764657
-8.98822399830147
-10.518760576958712
-8.443124120308486
-2.8936276490471236
-4.556958946799412
-4.3871990661555245
-3.5073199381374103
-5.702372173592588
-6.776135548023989
-8.850763574437506
-10.043572967899431
-10.043490914645332
-11.325056200574082
-11.519262800839321
-8.29388521151942
-8.662635557056229
-8.214890016864963
-10.767916776377044
-10.493665320950173
-9.947303134204668
-9.47643111778821
-7.259499548437944
-6.3227617269410095
-7.274809731673378
-6.499671392106961
-3.8184045092291665
-3.8178962174242335
-2.168049723187799
-3.2790051560286164
-6.341233495332284
-8.278832751367384
-6.3943307902974515
-5.316412441887927
-5.652068526463438
-3.177191769893679
1.6040011324802839
2.522675446004499
0.03790551801303721
-1.460207011183777
-0.8096415885943823
1.2037545261494642
0.819636993586184
1.2944846129808207
1.5127838211603148
0.578087989609418
1.6775921442131443
0.8206817743145846
0.5564050004271937
-2.1054896657357647
-1.963936601479286
-2.4909909395239165
-0.19176943617337028
1.7877309886664796
-0.270687525214811
-2.1254650078031254
-1.9285268165927232
1.6636649676120188
2.810964266130844
-3.359577184532079
-6.310669747979402
-5.808784857102393
-4.51387151877883
-5.175073821198537
-8.524306288394666
-8.325697653630607
-7.81664541735859
-6.504623071811823
-3.8873895188325003
-2.87495633751478
0.8233067528164879
-1.2945992036433962
-1.8158728030190905
-3.94523768674019
-1.5371436938246088
-2.311794698588697
-5.086990495121914
-5.688542336200025
-0.2688876867937908
1.2508953741683486
1.1453213593834723
0.11660265575082107
-1.8057054446555694
-3.7591421080686067
-3.958469614904524
-4.970184053953037
-6.008691298936301
-6.301354773656443
-5.39744101924633
-5.81192576071492
-2.799108094250398
-2.3757377000328206
