20
17
-285.8431864633149
-249.46227841056674
-208.61832530265355
-131.36676841084878
-87.53595507770285
-90.662307429847
-115.47314983633183
-143.40155109001103
-165.1058918573423
-174.38996559305866
-176.05079333801126
-189.54785263861748
-191.45615308348067
-194.8907496528408
-206.91966539587008
-216.26954760798952
-227.48739711235226
110.53764467059906
110.12299040336785
126.69241554552065
157.2357366135793
162.98820583759357
156.23616554363826
149.33718847542
142.84622602038613
135.13487789226534
131.08388928845125
132.36601022702388
129.94987218466363
129.345942778185
128.84489678295927
127.10761266426866
127.5975119203614
127.61939053850685
-4.392226343154073
-4.219864200390791
-6.82702406302854
-17.299872395879525
-31.946884592822375
-38.96420720239559
-34.10789209526054
-25.107553419397703
-19.273006476172323
-20.85304234127952
-20.251705643749172
-15.111678287614499
-16.263675299183806
-15.729603074487496
-9.942566973539174
-7.661317308696191
-5.760759335314024
25.180576408312877
29.446619899601686
22.821357487721045
11.296155409037308
10.090799755988963
3.904392139736037
0.8306207045725396
0.642916351855654
4.781810228014853
5.65071313524429
3.712549363293081
5.346219113293156
5.639293438373272
5.304518996961494
8.283321725930055
9.829885991288602
11.480574383793096
-19.775171015729526
-23.642152975224853
-34.71684775869774
-61.40404278528303
-76.18885221508384
-77.68996010169809
-70.3501525447782
-61.53644161051725
-57.42038221098089
-53.694301349867565
-52.58238379196963
-49.09119308647749
-48.08827306975337
-47.61576598257777
-45.952012505962
-43.99936493844541
-38.50375940045423
13.872962228583864
16.892818875186048
20.2414697935367
27.074060154715298
30.99083290676078
32.219609665739085
32.255636273851955
32.6703896540554
31.089089049956414
28.284669092293807
28.716739714048646
28.28771900084636
28.490101542014877
27.898453747516307
26.48565764922185
24.18135986835049
22.419488872050874
-3.912126884379255
-6.35444425058097
-3.963479543285318
-6.898962356911304
-12.406790262131523
-16.83437757224145
-21.8864834300949
-24.37146862948994
-24.62251640834594
-22.573116594355028
-23.291449063879366
-21.874941394792856
-21.780723503190707
-22.226557730104034
-22.465065346226144
-23.642960963293532
-22.913907904536632
-16.00360573178276
-16.23891406787074
-18.469048347278296
-31.20974164109983
-35.42752881613983
-35.8078605430203
-34.57899137694378
-29.77668368716034
-26.561132069408412
-27.208032409793272
-26.696468009158334
-25.052303203207057
-24.589653019533806
-24.672352607294926
-21.17660856986315
-21.94008319633818
-20.811690778176896
-24.87070408415327
-26.450372732745095
-29.14663446984758
-31.857024951669505
-26.998990489610073
-20.621517053281224
-19.004339259464434
-17.33640770471954
-15.293907199905796
-16.834841478352114
-17.55070959143135
-18.076783860324085
-17.82146999683693
-17.4576942776338
-13.806732875808349
-9.967245908258345
-10.944033700529623
-7.933868578248625
-10.462777516189458
-12.260286345725623
-14.990865064181687
-9.708335721470934
-0.6517642121717633
3.4983832087993596
6.0387443842063275
8.742896344191996
10.882741389232528
11.348744432531323
9.33817703385072
8.763226210105877
7.790788939143479
4.9091796108377
5.6042253324726445
6.44864966434477
-8.148997862033362
-6.401843215465996
-3.423598788507296
2.5537552605918674
13.176567846510578
21.644918151271433
23.042871983637625
21.19036462438862
18.37373238108343
20.870927595109595
21.21333359590262
23.02756830214549
22.734930298253662
21.46978785438869
20.1729015855428
17.76937456031488
15.785696372251586
-11.974606260090226
-12.292128626771788
-5.120509567088576
-3.262271612147633
-5.211849324183427
-4.229802036807792
-6.156716901873422
-7.764193324690379
-10.82819576867864
-9.438540767597953
-8.753186542635595
-7.953571901663954
-8.474161650808345
-8.494048594511675
-7.847528775104087
-9.000611179560575
-8.851167726298387
-5.641023037868714
-5.169453930637038
0.851706105006478
-3.0599464673861885
-7.087282298275209
-8.540457689784692
-10.993707893504627
-8.332493093373282
-6.873118458565541
-6.744145640275466
-5.918834740726975
-6.773916519509045
-6.148506359992584
-5.5510618561218035
-8.306067916859721
-9.532628261427961
-8.181368140849578
-1.2919164433848813
0.36397523562691214
4.94279566920777
8.325117151262848
3.8681647121535914
-2.214574753611192
-7.6933365230539685
-9.774348531153379
-9.764575922129026
-9.204507254571048
-10.103049450317595
-9.64970514669756
-10.040418226761172
-9.554200405755966
-9.652232841164821
-9.02699662508214
-7.256815384254287
-14.130785813268133
-17.160524054079133
-19.014893549446057
-20.598340546401168
-22.950700266504725
-23.24110758589973
-22.849427655033807
-22.03126939807383
-19.248106676471906
-19.064949081762883
-19.720781754693995
-20.93708439502604
-22.50345919968987
-21.50268520944605
-21.16497136663813
-20.53184359872961
-18.796240549014385
-7.331469004085573
-6.099031824187382
-8.88168554211241
-10.155923105645527
-8.088827725306906
-5.805090461241546
-3.6357748140025983
-2.65248713736369
-0.37272636753337185
-0.9350810538415844
-1.5467303779489932
-1.7691530782900373
-2.446576287153766
-2.1644767737178743
-0.12870093624194556
0.7266358628722029
0.0811259718854449
-8.911532953813097
-5.902998684650473
-10.135451423021163
-16.410005813411885
-14.510257244276463
-11.044383159271337
-11.246455916467692
-11.684945992670567
-12.221809157266698
-11.84979474876325
-12.281906455979453
-12.899802958865857
-13.850511090829084
-13.768609470614036
-13.534162513323794
-12.796243321034806
-11.192870107097228
-1.1708937733855276
2.5080456277071814
-4.159859260004058
-11.237309964945766
-7.082075013997175
-2.3251906440989245
0.07231940247241231
-0.4900431978699711
-1.2393015045648534
-1.9970873916297318
-1.386497611677887
-2.498514498566674
-2.652914897449992
-3.7737323002030756
-4.37638917976491
-7.818591835315107
-7.219702233616681
0.44148925443248466
-0.3154021191570058
-9.242652998414469
-4.1508130648371555
-0.752081576110829
1.7172700794413558
0.7406636165389752
-1.421608557717835
-0.5709891083131294
-0.26463715886701833
-0.4167523863460626
2.3764588421361594
2.3667326444701713
2.6281715770067313
2.762091235028031
1.9001787077439216
3.1564746563597152
6.238409262044046
6.29619770726462
-1.0983158115502758
-7.802251510195436
-8.957939512465149
-11.141856709304168
-12.699972786338504
-10.41586016824267
-11.21674982645458
-12.376867546750047
-12.801045914787524
-11.49728056592368
-11.347425572208358
-11.462991947363609
-9.734331876471135
-10.416196014631542
-8.74397210959474
