20
20
-270.31498174495823
-240.24060822089552
-238.53785440288885
-237.6864774938855
-225.53887952878264
-182.4540953674465
-174.15146095811292
-174.40416583467533
-197.92914594999027
-205.1025352853281
-209.99505663735755
-209.92402260463467
-208.9843265589989
-217.79662877557934
-235.05495216456814
-251.96561180785127
-263.68603257658697
-274.069684608113
-281.2699066367723
-294.5509825635321
84.66621665060472
111.07494098992096
111.94208876260129
112.37566264894146
120.24191624377181
146.18953080410608
137.23422004602875
134.78920474266917
116.04488551798823
117.28910688575289
115.87267198897389
114.85633728890087
113.78165059558462
112.16972687732735
111.05893592493327
111.4410253901812
112.4720388271999
115.42899846174583
119.07226817718282
121.12014924694472
-17.643202054829697
-9.844346720310789
-9.285840164734413
-9.006586886946224
-9.14964389584835
-14.978460064801752
-25.696848227161112
-28.96304348696741
-36.951404994704504
-32.70349663473776
-31.988370156590086
-31.71971647402542
-31.267041774467707
-30.56444763300693
-23.98720508758254
-16.103736202269335
-16.220038414433592
-14.409112214637034
-10.633981012694314
-8.126679258721733
45.809056263666214
48.895282504651334
49.338130058366445
49.55955383522401
48.90215243688097
44.730887851897684
41.648902032541514
38.60113709172616
30.754274823996038
28.279096127814924
27.983733516232082
30.530427416403853
32.45401212245075
32.728695807930904
36.71845274962135
37.750505371771375
32.42843867530065
26.51763843761829
23.998100411154287
21.834487760502746
-32.22919276483975
-33.75399906648366
-33.75178259537942
-33.75067435982729
-35.38174748661986
-46.47991608852813
-54.2712112280932
-56.460879025465125
-57.503181980807035
-56.91178037242669
-57.9412714772549
-57.36080816499204
-55.615524669517605
-56.93228113259132
-52.47087033591619
-51.72086841440307
-51.46754966290786
-46.09196794085621
-42.310973801363346
-34.454870386526665
15.988445318602475
10.828709585544836
10.751825775750596
10.713383870853475
9.587171650947147
4.4373788548467195
5.292503668353209
4.508771296726021
7.4543175754474325
11.043815882151561
12.447965045231141
13.470766324255056
17.287589306443138
18.002085820172667
20.704090339549722
21.91420668624496
21.120414733632074
16.4450324026476
14.337866392795657
11.392653102336098
-1.749474574567825
-6.080348446605086
-6.186395915477002
-6.23941964991296
-7.3913213507251285
-6.529232122888561
-0.7149592745435106
0.04420990027054572
5.7048110061517985
3.553905947390206
1.9310791577753927
-0.943183688106852
0.10388996259493621
0.5053278680112075
0.30826664275257043
1.04639552061804
3.8653022348133845
4.853700525865212
0.8983990964437518
-2.4301440782879826
-22.753809639278153
-26.40127442556146
-26.70681340952587
-26.859582901508077
-29.156761346372043
-40.284993694205625
-42.49287207749186
-41.395931526329306
-34.24131290043092
-33.97428569883809
-31.221491916069954
-31.766863513126182
-31.93504944217794
-32.142444001325906
-32.66527432357384
-31.257827193626444
-28.192728758900046
-19.885789830053838
-17.50570505032072
-16.013205768277764
-8.046980065067109
-15.30819428571741
-15.986241373253264
-16.325264917021194
-19.277990985454675
-25.30450526196641
-25.85792220256573
-23.969751552139364
-12.864905268965671
-6.523864788514574
-2.8814221424565885
-2.530033376066485
0.07000578898031007
0.51756217180861
1.2925426357055287
4.104827263389784
2.7483796954146826
-0.6464947973992626
-4.010084700076507
-5.560233545788191
0.7752337481632665
-7.202546182103184
-7.714302009669443
-7.970179923452573
-8.632174679583033
-6.256185778690412
-4.455307820329517
-3.2735634226577
0.20384593724720323
-0.4262969007036932
-2.2618499741163047
-1.451736886695739
0.8086741747125211
1.0255313889591968
-1.3905874531487372
-1.9750970244391366
-2.504357239937317
-3.1045719672450245
-3.3709422606098705
-1.1909761893915243
6.910162111919414
1.0566870291694423
1.0118818107245482
0.9894792015021012
0.7193936987343912
-7.28282799037637
-12.609835221842754
-12.764506699983166
-11.660058267233476
-11.928685847471517
-12.803471667005727
-11.95554908597157
-10.038530217637698
-7.470837536764488
-8.091164384592002
-13.521182895256706
-18.60648998301351
-19.362962671329033
-18.450739694711018
-15.115196947163298
-6.214815800489142
-8.952567263274872
-9.002644355365248
-9.027682901410437
-8.170499429805748
-5.324682627744022
-4.410492898905698
-4.268835376740662
-1.9958614074025383
0.5797894259651126
-0.6417716656447668
-0.24035461660861246
-1.8918011884797303
-6.456723675322561
-7.388428297946429
-6.64372446045868
-7.972598823582612
-7.0624693924054
-3.7559995064247884
-3.562616237818454
-4.455890571021025
-9.304856957073678
-9.452886227090119
-9.52690086209834
-9.31590276327471
-9.834095950006336
-8.096192839554277
-7.549254373430133
-2.8597971834450027
-5.002861785387988
-6.510794354977459
-4.424752131151261
-2.07476288120078
-4.633568022199396
-4.645797635703522
-4.357634653852454
-4.0511907798835365
-0.8597935001695239
1.2954723296645039
-2.7703632692337203
4.865720727294697
1.016206911416246
0.7252133032969401
0.579716499237287
0.018292871082474238
-3.957925529089004
-4.537098959936943
-5.5763672692585455
-3.4412282483446015
-6.284377769816312
-4.338691508500185
-1.612816810683133
0.7268503680628966
1.94890575596419
2.313574536188491
2.4821921857943425
3.1758377801811033
1.5587768246858098
-1.1128431514498736
-4.835492767991042
-16.667174699852737
-19.05638509654194
-19.30506030799722
-19.42939791372486
-19.9569418543403
-22.672360413767933
-21.241098682985438
-21.227265748522335
-14.604537256798356
-10.694686952449375
-9.758932649963592
-8.49448577989384
-9.432522844118534
-10.813989829356943
-13.284896781797867
-12.354278297602892
-10.428683951427413
-11.800556805547547
-10.391163370806472
-8.06707121726017
-3.9953052736868244
-6.586186931242273
-6.539326598799169
-6.515896432577618
-7.017649249498095
-8.679464494162783
-8.334715360514533
-7.982024188185437
-4.112943178921682
-1.1314218632188826
-1.2884208366664365
-2.798869092790882
-3.2107932909634265
-3.5691815136941507
-3.272392954749659
-2.4524670226841137
-4.824820890821231
-5.858066885276568
-5.913971055360113
-3.6105057349157743
2.7798540598535246
1.2389332407378744
1.1758065028448441
1.144243133898329
0.4959450641775669
-2.0740299019069437
-5.123503774136557
-4.974239991454547
-6.956247629086821
-8.82733186613762
-11.38594946139024
-11.041089770979468
-10.836410709271643
-12.488387909031719
-13.624394385750566
-15.3395421703307
-18.033189841282415
-16.936486733430225
-18.247680297165672
-15.467365264961785
-4.0957993764429625
-5.231420563624663
-5.182485335592986
-5.158017721577148
-4.766116726917115
-4.443431925030165
-5.995535092444978
-5.320949158111274
-6.782895918128434
-10.628075518906778
-13.363998638565972
-10.00042537498559
-7.412442345580985
-7.809635522527335
-10.868440590837261
-14.8442145686995
-14.526784544034975
-13.084983933106532
-13.20482978564356
-11.941560250563573
-5.394763003176974
-4.900356711781429
-5.036014620281151
-5.1038435745310125
-4.87545408010352
1.0373858527821258
2.0073760674362178
1.8537885897796498
-0.36621952952853265
-0.7918478957217601
-0.6888244603266632
0.7690293309644608
-0.17441106688791908
0.9375580240072416
2.350056879089078
2.2447400965702835
2.8640644824473886
3.2153927562149978
3.1788155252460566
-0.24183743459537688
-0.49095525649090227
-0.4972339156137555
-0.6470157929194795
-0.7219067315723416
-0.9218795999864361
0.6860089514940741
4.549654362638853
4.684445318428834
4.2027573857976055
2.8986459490793557
-1.0449991576190936
-3.7382789538653096
-5.44217511408819
-6.5980747123264845
-7.075473441208828
-9.47377871664208
-9.350015701517751
-9.25746562333249
-12.28489250986993
-12.790300867217058
